<?xml version="1.0"?>
<opencv_storage>
<classifications type_id="opencv-matrix">
  <rows>36</rows>
  <cols>1</cols>
  <dt>i</dt>
  <data>
    90 89 88 87 86 85 84 82 80 78 77 76 75 74 73 72 70 69 68 66 65 85 81
    79 71 67 57 56 55 54 53 52 51 50 49 48</data></classifications>
</opencv_storage>
